%YAML:1.0
---
image_width: 1280
image_height: 720
cam_matrix: !!opencv-matrix
   rows: 3
   cols: 3
   dt: d
   data: [ 845.2407167745863, 0., 645.6770087986713, 0.,
       846.19681689587298, 350.48729700783883, 0., 0., 1. ]
dist_coeffs: !!opencv-matrix
   rows: 5
   cols: 1
   dt: d
   data: [ -0.05716232339629343, 0.21338862381799817,
       -0.0033444154871497263, 0.0031218388505781344,
       -0.23578012286683808 ]
reproj_err: 0.19143040088022611
images_used: 10
