%YAML:1.0
---
image_width: 1280
image_height: 720
cam_matrix: !!opencv-matrix
   rows: 3
   cols: 3
   dt: d
   data: [ 813.39201839092527, 0., 659.70544779935801, 0.,
       818.92706237429729, 356.03954760592404, 0., 0., 1. ]
dist_coeffs: !!opencv-matrix
   rows: 5
   cols: 1
   dt: d
   data: [ -0.064946810095983326, 0.17643889014269953,
       -0.008909019498380303, 0.0048144424745339446,
       -0.061582207121184833 ]
reproj_err: 0.22595876975079859
images_used: 10
