%YAML:1.0
---
image_width: 1280
image_height: 720
cam_matrix: !!opencv-matrix
   rows: 3
   cols: 3
   dt: d
   data: [ 799.46053924423029, 0., 641.52038656200989, 0.,
       802.02281665332055, 359.26271913588619, 0., 0., 1. ]
dist_coeffs: !!opencv-matrix
   rows: 5
   cols: 1
   dt: d
   data: [ -0.058347001264371805, 0.185475713385263,
       -0.0077160843886984534, 0.00036679853551451944,
       -0.16061046855938771 ]
reproj_err: 0.26865233483905387
images_used: 10
